янв. 29, 2023 4:17:37 PM Task05 Log
INFO: [-1, 24, -14, -18, -19, 4, 13, 12, -28, 23]
янв. 29, 2023 4:17:37 PM Task05 Log
INFO: [-1, 24, -14, -18, -19, 4, 13, 12, -28, 23]
янв. 29, 2023 4:17:37 PM Task05 Log
INFO: [-1, -14, 24, -18, -19, 4, 13, 12, -28, 23]
янв. 29, 2023 4:17:37 PM Task05 Log
INFO: [-1, -14, -18, 24, -19, 4, 13, 12, -28, 23]
янв. 29, 2023 4:17:37 PM Task05 Log
INFO: [-1, -14, -18, -19, 24, 4, 13, 12, -28, 23]
янв. 29, 2023 4:17:37 PM Task05 Log
INFO: [-1, -14, -18, -19, 4, 24, 13, 12, -28, 23]
янв. 29, 2023 4:17:37 PM Task05 Log
INFO: [-1, -14, -18, -19, 4, 13, 24, 12, -28, 23]
янв. 29, 2023 4:17:37 PM Task05 Log
INFO: [-1, -14, -18, -19, 4, 13, 12, 24, -28, 23]
янв. 29, 2023 4:17:37 PM Task05 Log
INFO: [-1, -14, -18, -19, 4, 13, 12, -28, 24, 23]
янв. 29, 2023 4:17:37 PM Task05 Log
INFO: [-1, -14, -18, -19, 4, 13, 12, -28, 23, 24]
янв. 29, 2023 4:17:37 PM Task05 Log
INFO: [-14, -1, -18, -19, 4, 13, 12, -28, 23, 24]
янв. 29, 2023 4:17:37 PM Task05 Log
INFO: [-14, -18, -1, -19, 4, 13, 12, -28, 23, 24]
янв. 29, 2023 4:17:37 PM Task05 Log
INFO: [-14, -18, -19, -1, 4, 13, 12, -28, 23, 24]
янв. 29, 2023 4:17:37 PM Task05 Log
INFO: [-14, -18, -19, -1, 4, 12, 13, -28, 23, 24]
янв. 29, 2023 4:17:37 PM Task05 Log
INFO: [-14, -18, -19, -1, 4, 12, -28, 13, 23, 24]
янв. 29, 2023 4:17:37 PM Task05 Log
INFO: [-18, -14, -19, -1, 4, 12, -28, 13, 23, 24]
янв. 29, 2023 4:17:37 PM Task05 Log
INFO: [-18, -19, -14, -1, 4, 12, -28, 13, 23, 24]
янв. 29, 2023 4:17:37 PM Task05 Log
INFO: [-18, -19, -14, -1, 4, -28, 12, 13, 23, 24]
янв. 29, 2023 4:17:37 PM Task05 Log
INFO: [-19, -18, -14, -1, 4, -28, 12, 13, 23, 24]
янв. 29, 2023 4:17:37 PM Task05 Log
INFO: [-19, -18, -14, -1, -28, 4, 12, 13, 23, 24]
янв. 29, 2023 4:17:37 PM Task05 Log
INFO: [-19, -18, -14, -28, -1, 4, 12, 13, 23, 24]
янв. 29, 2023 4:17:37 PM Task05 Log
INFO: [-19, -18, -28, -14, -1, 4, 12, 13, 23, 24]
янв. 29, 2023 4:17:37 PM Task05 Log
INFO: [-19, -28, -18, -14, -1, 4, 12, 13, 23, 24]
янв. 29, 2023 4:17:37 PM Task05 Log
INFO: [-28, -19, -18, -14, -1, 4, 12, 13, 23, 24]
янв. 29, 2023 4:38:32 PM Task05 Log
INFO: [-30, 22, 7, 21, 26, 7, 20, -27, 4, -28, -13, 19, -25, 28, -22, 3, 0, -30, -9, -22]
янв. 29, 2023 4:38:32 PM Task05 Log
INFO: [-30, 22, 7, 21, 26, 7, 20, -27, 4, -28, -13, 19, -25, 28, -22, 3, 0, -30, -9, -22]
янв. 29, 2023 4:38:32 PM Task05 Log
INFO: [-30, 7, 22, 21, 26, 7, 20, -27, 4, -28, -13, 19, -25, 28, -22, 3, 0, -30, -9, -22]
янв. 29, 2023 4:38:32 PM Task05 Log
INFO: [-30, 7, 21, 22, 26, 7, 20, -27, 4, -28, -13, 19, -25, 28, -22, 3, 0, -30, -9, -22]
янв. 29, 2023 4:38:32 PM Task05 Log
INFO: [-30, 7, 21, 22, 7, 26, 20, -27, 4, -28, -13, 19, -25, 28, -22, 3, 0, -30, -9, -22]
янв. 29, 2023 4:38:32 PM Task05 Log
INFO: [-30, 7, 21, 22, 7, 20, 26, -27, 4, -28, -13, 19, -25, 28, -22, 3, 0, -30, -9, -22]
янв. 29, 2023 4:38:32 PM Task05 Log
INFO: [-30, 7, 21, 22, 7, 20, -27, 26, 4, -28, -13, 19, -25, 28, -22, 3, 0, -30, -9, -22]
янв. 29, 2023 4:38:32 PM Task05 Log
INFO: [-30, 7, 21, 22, 7, 20, -27, 4, 26, -28, -13, 19, -25, 28, -22, 3, 0, -30, -9, -22]
янв. 29, 2023 4:38:32 PM Task05 Log
INFO: [-30, 7, 21, 22, 7, 20, -27, 4, -28, 26, -13, 19, -25, 28, -22, 3, 0, -30, -9, -22]
янв. 29, 2023 4:38:32 PM Task05 Log
INFO: [-30, 7, 21, 22, 7, 20, -27, 4, -28, -13, 26, 19, -25, 28, -22, 3, 0, -30, -9, -22]
янв. 29, 2023 4:38:32 PM Task05 Log
INFO: [-30, 7, 21, 22, 7, 20, -27, 4, -28, -13, 19, 26, -25, 28, -22, 3, 0, -30, -9, -22]
янв. 29, 2023 4:38:32 PM Task05 Log
INFO: [-30, 7, 21, 22, 7, 20, -27, 4, -28, -13, 19, -25, 26, 28, -22, 3, 0, -30, -9, -22]
янв. 29, 2023 4:38:32 PM Task05 Log
INFO: [-30, 7, 21, 22, 7, 20, -27, 4, -28, -13, 19, -25, 26, -22, 28, 3, 0, -30, -9, -22]
янв. 29, 2023 4:38:32 PM Task05 Log
INFO: [-30, 7, 21, 22, 7, 20, -27, 4, -28, -13, 19, -25, 26, -22, 3, 28, 0, -30, -9, -22]
янв. 29, 2023 4:38:32 PM Task05 Log
INFO: [-30, 7, 21, 22, 7, 20, -27, 4, -28, -13, 19, -25, 26, -22, 3, 0, 28, -30, -9, -22]
янв. 29, 2023 4:38:32 PM Task05 Log
INFO: [-30, 7, 21, 22, 7, 20, -27, 4, -28, -13, 19, -25, 26, -22, 3, 0, -30, 28, -9, -22]
янв. 29, 2023 4:38:32 PM Task05 Log
INFO: [-30, 7, 21, 22, 7, 20, -27, 4, -28, -13, 19, -25, 26, -22, 3, 0, -30, -9, 28, -22]
янв. 29, 2023 4:38:32 PM Task05 Log
INFO: [-30, 7, 21, 22, 7, 20, -27, 4, -28, -13, 19, -25, 26, -22, 3, 0, -30, -9, -22, 28]
янв. 29, 2023 4:38:32 PM Task05 Log
INFO: [-30, 7, 21, 7, 22, 20, -27, 4, -28, -13, 19, -25, 26, -22, 3, 0, -30, -9, -22, 28]
янв. 29, 2023 4:38:32 PM Task05 Log
INFO: [-30, 7, 21, 7, 20, 22, -27, 4, -28, -13, 19, -25, 26, -22, 3, 0, -30, -9, -22, 28]
янв. 29, 2023 4:38:32 PM Task05 Log
INFO: [-30, 7, 21, 7, 20, -27, 22, 4, -28, -13, 19, -25, 26, -22, 3, 0, -30, -9, -22, 28]
янв. 29, 2023 4:38:32 PM Task05 Log
INFO: [-30, 7, 21, 7, 20, -27, 4, 22, -28, -13, 19, -25, 26, -22, 3, 0, -30, -9, -22, 28]
янв. 29, 2023 4:38:32 PM Task05 Log
INFO: [-30, 7, 21, 7, 20, -27, 4, -28, 22, -13, 19, -25, 26, -22, 3, 0, -30, -9, -22, 28]
янв. 29, 2023 4:38:32 PM Task05 Log
INFO: [-30, 7, 21, 7, 20, -27, 4, -28, -13, 22, 19, -25, 26, -22, 3, 0, -30, -9, -22, 28]
янв. 29, 2023 4:38:32 PM Task05 Log
INFO: [-30, 7, 21, 7, 20, -27, 4, -28, -13, 19, 22, -25, 26, -22, 3, 0, -30, -9, -22, 28]
янв. 29, 2023 4:38:32 PM Task05 Log
INFO: [-30, 7, 21, 7, 20, -27, 4, -28, -13, 19, -25, 22, 26, -22, 3, 0, -30, -9, -22, 28]
янв. 29, 2023 4:38:32 PM Task05 Log
INFO: [-30, 7, 21, 7, 20, -27, 4, -28, -13, 19, -25, 22, -22, 26, 3, 0, -30, -9, -22, 28]
янв. 29, 2023 4:38:32 PM Task05 Log
INFO: [-30, 7, 21, 7, 20, -27, 4, -28, -13, 19, -25, 22, -22, 3, 26, 0, -30, -9, -22, 28]
янв. 29, 2023 4:38:32 PM Task05 Log
INFO: [-30, 7, 21, 7, 20, -27, 4, -28, -13, 19, -25, 22, -22, 3, 0, 26, -30, -9, -22, 28]
янв. 29, 2023 4:38:32 PM Task05 Log
INFO: [-30, 7, 21, 7, 20, -27, 4, -28, -13, 19, -25, 22, -22, 3, 0, -30, 26, -9, -22, 28]
янв. 29, 2023 4:38:32 PM Task05 Log
INFO: [-30, 7, 21, 7, 20, -27, 4, -28, -13, 19, -25, 22, -22, 3, 0, -30, -9, 26, -22, 28]
янв. 29, 2023 4:38:32 PM Task05 Log
INFO: [-30, 7, 21, 7, 20, -27, 4, -28, -13, 19, -25, 22, -22, 3, 0, -30, -9, -22, 26, 28]
янв. 29, 2023 4:38:32 PM Task05 Log
INFO: [-30, 7, 7, 21, 20, -27, 4, -28, -13, 19, -25, 22, -22, 3, 0, -30, -9, -22, 26, 28]
янв. 29, 2023 4:38:32 PM Task05 Log
INFO: [-30, 7, 7, 20, 21, -27, 4, -28, -13, 19, -25, 22, -22, 3, 0, -30, -9, -22, 26, 28]
янв. 29, 2023 4:38:32 PM Task05 Log
INFO: [-30, 7, 7, 20, -27, 21, 4, -28, -13, 19, -25, 22, -22, 3, 0, -30, -9, -22, 26, 28]
янв. 29, 2023 4:38:32 PM Task05 Log
INFO: [-30, 7, 7, 20, -27, 4, 21, -28, -13, 19, -25, 22, -22, 3, 0, -30, -9, -22, 26, 28]
янв. 29, 2023 4:38:32 PM Task05 Log
INFO: [-30, 7, 7, 20, -27, 4, -28, 21, -13, 19, -25, 22, -22, 3, 0, -30, -9, -22, 26, 28]
янв. 29, 2023 4:38:32 PM Task05 Log
INFO: [-30, 7, 7, 20, -27, 4, -28, -13, 21, 19, -25, 22, -22, 3, 0, -30, -9, -22, 26, 28]
янв. 29, 2023 4:38:32 PM Task05 Log
INFO: [-30, 7, 7, 20, -27, 4, -28, -13, 19, 21, -25, 22, -22, 3, 0, -30, -9, -22, 26, 28]
янв. 29, 2023 4:38:32 PM Task05 Log
INFO: [-30, 7, 7, 20, -27, 4, -28, -13, 19, -25, 21, 22, -22, 3, 0, -30, -9, -22, 26, 28]
янв. 29, 2023 4:38:32 PM Task05 Log
INFO: [-30, 7, 7, 20, -27, 4, -28, -13, 19, -25, 21, -22, 22, 3, 0, -30, -9, -22, 26, 28]
янв. 29, 2023 4:38:32 PM Task05 Log
INFO: [-30, 7, 7, 20, -27, 4, -28, -13, 19, -25, 21, -22, 3, 22, 0, -30, -9, -22, 26, 28]
янв. 29, 2023 4:38:32 PM Task05 Log
INFO: [-30, 7, 7, 20, -27, 4, -28, -13, 19, -25, 21, -22, 3, 0, 22, -30, -9, -22, 26, 28]
янв. 29, 2023 4:38:32 PM Task05 Log
INFO: [-30, 7, 7, 20, -27, 4, -28, -13, 19, -25, 21, -22, 3, 0, -30, 22, -9, -22, 26, 28]
янв. 29, 2023 4:38:32 PM Task05 Log
INFO: [-30, 7, 7, 20, -27, 4, -28, -13, 19, -25, 21, -22, 3, 0, -30, -9, 22, -22, 26, 28]
янв. 29, 2023 4:38:32 PM Task05 Log
INFO: [-30, 7, 7, 20, -27, 4, -28, -13, 19, -25, 21, -22, 3, 0, -30, -9, -22, 22, 26, 28]
янв. 29, 2023 4:38:32 PM Task05 Log
INFO: [-30, 7, 7, -27, 20, 4, -28, -13, 19, -25, 21, -22, 3, 0, -30, -9, -22, 22, 26, 28]
янв. 29, 2023 4:38:32 PM Task05 Log
INFO: [-30, 7, 7, -27, 4, 20, -28, -13, 19, -25, 21, -22, 3, 0, -30, -9, -22, 22, 26, 28]
янв. 29, 2023 4:38:32 PM Task05 Log
INFO: [-30, 7, 7, -27, 4, -28, 20, -13, 19, -25, 21, -22, 3, 0, -30, -9, -22, 22, 26, 28]
янв. 29, 2023 4:38:32 PM Task05 Log
INFO: [-30, 7, 7, -27, 4, -28, -13, 20, 19, -25, 21, -22, 3, 0, -30, -9, -22, 22, 26, 28]
янв. 29, 2023 4:38:32 PM Task05 Log
INFO: [-30, 7, 7, -27, 4, -28, -13, 19, 20, -25, 21, -22, 3, 0, -30, -9, -22, 22, 26, 28]
янв. 29, 2023 4:38:32 PM Task05 Log
INFO: [-30, 7, 7, -27, 4, -28, -13, 19, -25, 20, 21, -22, 3, 0, -30, -9, -22, 22, 26, 28]
янв. 29, 2023 4:38:32 PM Task05 Log
INFO: [-30, 7, 7, -27, 4, -28, -13, 19, -25, 20, -22, 21, 3, 0, -30, -9, -22, 22, 26, 28]
янв. 29, 2023 4:38:32 PM Task05 Log
INFO: [-30, 7, 7, -27, 4, -28, -13, 19, -25, 20, -22, 3, 21, 0, -30, -9, -22, 22, 26, 28]
янв. 29, 2023 4:38:32 PM Task05 Log
INFO: [-30, 7, 7, -27, 4, -28, -13, 19, -25, 20, -22, 3, 0, 21, -30, -9, -22, 22, 26, 28]
янв. 29, 2023 4:38:32 PM Task05 Log
INFO: [-30, 7, 7, -27, 4, -28, -13, 19, -25, 20, -22, 3, 0, -30, 21, -9, -22, 22, 26, 28]
янв. 29, 2023 4:38:32 PM Task05 Log
INFO: [-30, 7, 7, -27, 4, -28, -13, 19, -25, 20, -22, 3, 0, -30, -9, 21, -22, 22, 26, 28]
янв. 29, 2023 4:38:32 PM Task05 Log
INFO: [-30, 7, 7, -27, 4, -28, -13, 19, -25, 20, -22, 3, 0, -30, -9, -22, 21, 22, 26, 28]
янв. 29, 2023 4:38:32 PM Task05 Log
INFO: [-30, 7, -27, 7, 4, -28, -13, 19, -25, 20, -22, 3, 0, -30, -9, -22, 21, 22, 26, 28]
янв. 29, 2023 4:38:32 PM Task05 Log
INFO: [-30, 7, -27, 4, 7, -28, -13, 19, -25, 20, -22, 3, 0, -30, -9, -22, 21, 22, 26, 28]
янв. 29, 2023 4:38:32 PM Task05 Log
INFO: [-30, 7, -27, 4, -28, 7, -13, 19, -25, 20, -22, 3, 0, -30, -9, -22, 21, 22, 26, 28]
янв. 29, 2023 4:38:32 PM Task05 Log
INFO: [-30, 7, -27, 4, -28, -13, 7, 19, -25, 20, -22, 3, 0, -30, -9, -22, 21, 22, 26, 28]
янв. 29, 2023 4:38:32 PM Task05 Log
INFO: [-30, 7, -27, 4, -28, -13, 7, -25, 19, 20, -22, 3, 0, -30, -9, -22, 21, 22, 26, 28]
янв. 29, 2023 4:38:32 PM Task05 Log
INFO: [-30, 7, -27, 4, -28, -13, 7, -25, 19, -22, 20, 3, 0, -30, -9, -22, 21, 22, 26, 28]
янв. 29, 2023 4:38:32 PM Task05 Log
INFO: [-30, 7, -27, 4, -28, -13, 7, -25, 19, -22, 3, 20, 0, -30, -9, -22, 21, 22, 26, 28]
янв. 29, 2023 4:38:32 PM Task05 Log
INFO: [-30, 7, -27, 4, -28, -13, 7, -25, 19, -22, 3, 0, 20, -30, -9, -22, 21, 22, 26, 28]
янв. 29, 2023 4:38:32 PM Task05 Log
INFO: [-30, 7, -27, 4, -28, -13, 7, -25, 19, -22, 3, 0, -30, 20, -9, -22, 21, 22, 26, 28]
янв. 29, 2023 4:38:32 PM Task05 Log
INFO: [-30, 7, -27, 4, -28, -13, 7, -25, 19, -22, 3, 0, -30, -9, 20, -22, 21, 22, 26, 28]
янв. 29, 2023 4:38:32 PM Task05 Log
INFO: [-30, 7, -27, 4, -28, -13, 7, -25, 19, -22, 3, 0, -30, -9, -22, 20, 21, 22, 26, 28]
янв. 29, 2023 4:38:32 PM Task05 Log
INFO: [-30, -27, 7, 4, -28, -13, 7, -25, 19, -22, 3, 0, -30, -9, -22, 20, 21, 22, 26, 28]
янв. 29, 2023 4:38:32 PM Task05 Log
INFO: [-30, -27, 4, 7, -28, -13, 7, -25, 19, -22, 3, 0, -30, -9, -22, 20, 21, 22, 26, 28]
янв. 29, 2023 4:38:32 PM Task05 Log
INFO: [-30, -27, 4, -28, 7, -13, 7, -25, 19, -22, 3, 0, -30, -9, -22, 20, 21, 22, 26, 28]
янв. 29, 2023 4:38:32 PM Task05 Log
INFO: [-30, -27, 4, -28, -13, 7, 7, -25, 19, -22, 3, 0, -30, -9, -22, 20, 21, 22, 26, 28]
янв. 29, 2023 4:38:32 PM Task05 Log
INFO: [-30, -27, 4, -28, -13, 7, -25, 7, 19, -22, 3, 0, -30, -9, -22, 20, 21, 22, 26, 28]
янв. 29, 2023 4:38:32 PM Task05 Log
INFO: [-30, -27, 4, -28, -13, 7, -25, 7, -22, 19, 3, 0, -30, -9, -22, 20, 21, 22, 26, 28]
янв. 29, 2023 4:38:32 PM Task05 Log
INFO: [-30, -27, 4, -28, -13, 7, -25, 7, -22, 3, 19, 0, -30, -9, -22, 20, 21, 22, 26, 28]
янв. 29, 2023 4:38:32 PM Task05 Log
INFO: [-30, -27, 4, -28, -13, 7, -25, 7, -22, 3, 0, 19, -30, -9, -22, 20, 21, 22, 26, 28]
янв. 29, 2023 4:38:32 PM Task05 Log
INFO: [-30, -27, 4, -28, -13, 7, -25, 7, -22, 3, 0, -30, 19, -9, -22, 20, 21, 22, 26, 28]
янв. 29, 2023 4:38:32 PM Task05 Log
INFO: [-30, -27, 4, -28, -13, 7, -25, 7, -22, 3, 0, -30, -9, 19, -22, 20, 21, 22, 26, 28]
янв. 29, 2023 4:38:32 PM Task05 Log
INFO: [-30, -27, 4, -28, -13, 7, -25, 7, -22, 3, 0, -30, -9, -22, 19, 20, 21, 22, 26, 28]
янв. 29, 2023 4:38:32 PM Task05 Log
INFO: [-30, -27, -28, 4, -13, 7, -25, 7, -22, 3, 0, -30, -9, -22, 19, 20, 21, 22, 26, 28]
янв. 29, 2023 4:38:32 PM Task05 Log
INFO: [-30, -27, -28, -13, 4, 7, -25, 7, -22, 3, 0, -30, -9, -22, 19, 20, 21, 22, 26, 28]
янв. 29, 2023 4:38:32 PM Task05 Log
INFO: [-30, -27, -28, -13, 4, -25, 7, 7, -22, 3, 0, -30, -9, -22, 19, 20, 21, 22, 26, 28]
янв. 29, 2023 4:38:32 PM Task05 Log
INFO: [-30, -27, -28, -13, 4, -25, 7, -22, 7, 3, 0, -30, -9, -22, 19, 20, 21, 22, 26, 28]
янв. 29, 2023 4:38:32 PM Task05 Log
INFO: [-30, -27, -28, -13, 4, -25, 7, -22, 3, 7, 0, -30, -9, -22, 19, 20, 21, 22, 26, 28]
янв. 29, 2023 4:38:32 PM Task05 Log
INFO: [-30, -27, -28, -13, 4, -25, 7, -22, 3, 0, 7, -30, -9, -22, 19, 20, 21, 22, 26, 28]
янв. 29, 2023 4:38:32 PM Task05 Log
INFO: [-30, -27, -28, -13, 4, -25, 7, -22, 3, 0, -30, 7, -9, -22, 19, 20, 21, 22, 26, 28]
янв. 29, 2023 4:38:32 PM Task05 Log
INFO: [-30, -27, -28, -13, 4, -25, 7, -22, 3, 0, -30, -9, 7, -22, 19, 20, 21, 22, 26, 28]
янв. 29, 2023 4:38:32 PM Task05 Log
INFO: [-30, -27, -28, -13, 4, -25, 7, -22, 3, 0, -30, -9, -22, 7, 19, 20, 21, 22, 26, 28]
янв. 29, 2023 4:38:32 PM Task05 Log
INFO: [-30, -28, -27, -13, 4, -25, 7, -22, 3, 0, -30, -9, -22, 7, 19, 20, 21, 22, 26, 28]
янв. 29, 2023 4:38:32 PM Task05 Log
INFO: [-30, -28, -27, -13, -25, 4, 7, -22, 3, 0, -30, -9, -22, 7, 19, 20, 21, 22, 26, 28]
янв. 29, 2023 4:38:32 PM Task05 Log
INFO: [-30, -28, -27, -13, -25, 4, -22, 7, 3, 0, -30, -9, -22, 7, 19, 20, 21, 22, 26, 28]
янв. 29, 2023 4:38:32 PM Task05 Log
INFO: [-30, -28, -27, -13, -25, 4, -22, 3, 7, 0, -30, -9, -22, 7, 19, 20, 21, 22, 26, 28]
янв. 29, 2023 4:38:32 PM Task05 Log
INFO: [-30, -28, -27, -13, -25, 4, -22, 3, 0, 7, -30, -9, -22, 7, 19, 20, 21, 22, 26, 28]
янв. 29, 2023 4:38:32 PM Task05 Log
INFO: [-30, -28, -27, -13, -25, 4, -22, 3, 0, -30, 7, -9, -22, 7, 19, 20, 21, 22, 26, 28]
янв. 29, 2023 4:38:32 PM Task05 Log
INFO: [-30, -28, -27, -13, -25, 4, -22, 3, 0, -30, -9, 7, -22, 7, 19, 20, 21, 22, 26, 28]
янв. 29, 2023 4:38:32 PM Task05 Log
INFO: [-30, -28, -27, -13, -25, 4, -22, 3, 0, -30, -9, -22, 7, 7, 19, 20, 21, 22, 26, 28]
янв. 29, 2023 4:38:32 PM Task05 Log
INFO: [-30, -28, -27, -25, -13, 4, -22, 3, 0, -30, -9, -22, 7, 7, 19, 20, 21, 22, 26, 28]
янв. 29, 2023 4:38:32 PM Task05 Log
INFO: [-30, -28, -27, -25, -13, -22, 4, 3, 0, -30, -9, -22, 7, 7, 19, 20, 21, 22, 26, 28]
янв. 29, 2023 4:38:32 PM Task05 Log
INFO: [-30, -28, -27, -25, -13, -22, 3, 4, 0, -30, -9, -22, 7, 7, 19, 20, 21, 22, 26, 28]
янв. 29, 2023 4:38:32 PM Task05 Log
INFO: [-30, -28, -27, -25, -13, -22, 3, 0, 4, -30, -9, -22, 7, 7, 19, 20, 21, 22, 26, 28]
янв. 29, 2023 4:38:32 PM Task05 Log
INFO: [-30, -28, -27, -25, -13, -22, 3, 0, -30, 4, -9, -22, 7, 7, 19, 20, 21, 22, 26, 28]
янв. 29, 2023 4:38:32 PM Task05 Log
INFO: [-30, -28, -27, -25, -13, -22, 3, 0, -30, -9, 4, -22, 7, 7, 19, 20, 21, 22, 26, 28]
янв. 29, 2023 4:38:32 PM Task05 Log
INFO: [-30, -28, -27, -25, -13, -22, 3, 0, -30, -9, -22, 4, 7, 7, 19, 20, 21, 22, 26, 28]
янв. 29, 2023 4:38:32 PM Task05 Log
INFO: [-30, -28, -27, -25, -22, -13, 3, 0, -30, -9, -22, 4, 7, 7, 19, 20, 21, 22, 26, 28]
янв. 29, 2023 4:38:32 PM Task05 Log
INFO: [-30, -28, -27, -25, -22, -13, 0, 3, -30, -9, -22, 4, 7, 7, 19, 20, 21, 22, 26, 28]
янв. 29, 2023 4:38:32 PM Task05 Log
INFO: [-30, -28, -27, -25, -22, -13, 0, -30, 3, -9, -22, 4, 7, 7, 19, 20, 21, 22, 26, 28]
янв. 29, 2023 4:38:32 PM Task05 Log
INFO: [-30, -28, -27, -25, -22, -13, 0, -30, -9, 3, -22, 4, 7, 7, 19, 20, 21, 22, 26, 28]
янв. 29, 2023 4:38:32 PM Task05 Log
INFO: [-30, -28, -27, -25, -22, -13, 0, -30, -9, -22, 3, 4, 7, 7, 19, 20, 21, 22, 26, 28]
янв. 29, 2023 4:38:32 PM Task05 Log
INFO: [-30, -28, -27, -25, -22, -13, -30, 0, -9, -22, 3, 4, 7, 7, 19, 20, 21, 22, 26, 28]
янв. 29, 2023 4:38:32 PM Task05 Log
INFO: [-30, -28, -27, -25, -22, -13, -30, -9, 0, -22, 3, 4, 7, 7, 19, 20, 21, 22, 26, 28]
янв. 29, 2023 4:38:32 PM Task05 Log
INFO: [-30, -28, -27, -25, -22, -13, -30, -9, -22, 0, 3, 4, 7, 7, 19, 20, 21, 22, 26, 28]
янв. 29, 2023 4:38:32 PM Task05 Log
INFO: [-30, -28, -27, -25, -22, -30, -13, -9, -22, 0, 3, 4, 7, 7, 19, 20, 21, 22, 26, 28]
янв. 29, 2023 4:38:32 PM Task05 Log
INFO: [-30, -28, -27, -25, -22, -30, -13, -22, -9, 0, 3, 4, 7, 7, 19, 20, 21, 22, 26, 28]
янв. 29, 2023 4:38:32 PM Task05 Log
INFO: [-30, -28, -27, -25, -30, -22, -13, -22, -9, 0, 3, 4, 7, 7, 19, 20, 21, 22, 26, 28]
янв. 29, 2023 4:38:32 PM Task05 Log
INFO: [-30, -28, -27, -25, -30, -22, -22, -13, -9, 0, 3, 4, 7, 7, 19, 20, 21, 22, 26, 28]
янв. 29, 2023 4:38:32 PM Task05 Log
INFO: [-30, -28, -27, -30, -25, -22, -22, -13, -9, 0, 3, 4, 7, 7, 19, 20, 21, 22, 26, 28]
янв. 29, 2023 4:38:32 PM Task05 Log
INFO: [-30, -28, -30, -27, -25, -22, -22, -13, -9, 0, 3, 4, 7, 7, 19, 20, 21, 22, 26, 28]
янв. 29, 2023 4:38:32 PM Task05 Log
INFO: [-30, -30, -28, -27, -25, -22, -22, -13, -9, 0, 3, 4, 7, 7, 19, 20, 21, 22, 26, 28]
янв. 29, 2023 5:08:01 PM Task05 Log
INFO: [0, 12, 13, 13, -25]
янв. 29, 2023 5:08:01 PM Task05 Log
INFO: [0, 12, 13, 13, -25]
янв. 29, 2023 5:08:01 PM Task05 Log
INFO: [0, 12, 13, -25, 13]
янв. 29, 2023 5:08:01 PM Task05 Log
INFO: [0, 12, -25, 13, 13]
янв. 29, 2023 5:08:01 PM Task05 Log
INFO: [0, -25, 12, 13, 13]
янв. 29, 2023 5:08:01 PM Task05 Log
INFO: [-25, 0, 12, 13, 13]
